"rho0" "rho" "a" "b" "i" "CVA" "DVA" "BCVA"
0 0.005 0.4 0.02 1 0 0.291065221432872 -0.291065221432872
0.1 0.005 0.4 0.02 1 0 0.253303637254724 -0.253303637254724
0.2 0.005 0.4 0.02 1 0 0.215971756270369 -0.215971756270369
0.3 0.005 0.4 0.02 1 0.000287134740941515 0.178340567765509 -0.178053433024568
0.4 0.005 0.4 0.02 1 0.00193062786577555 0.140606569411186 -0.13867594154541
0.5 0.005 0.4 0.02 1 0.00625148096831239 0.103843507200628 -0.0975920262323158
0.6 0.005 0.4 0.02 1 0.0145257091892691 0.0685058348814904 -0.0539801256922213
0.7 0.005 0.4 0.02 1 0.0268438736832772 0.0369028554167237 -0.0100589817334465
0.8 0.005 0.4 0.02 1 0.0400509774628497 0.0134307485965726 0.0266202288662771
0.9 0.005 0.4 0.02 1 0.033860393374691 0.0015207129412235 0.0323396804334675
0 0.005 0.4 0.02 2 0 0.306453901734963 -0.306453901734963
0.1 0.005 0.4 0.02 2 0 0.267828151776443 -0.267828151776443
0.2 0.005 0.4 0.02 2 0 0.229378206623621 -0.229378206623621
0.3 0.005 0.4 0.02 2 0.000696338771205818 0.190798130412822 -0.190101791641617
0.4 0.005 0.4 0.02 2 0.0031852376034891 0.152154548775641 -0.148969311172152
0.5 0.005 0.4 0.02 2 0.00865693782205724 0.114065172539679 -0.105408234717621
0.6 0.005 0.4 0.02 2 0.0175068471762901 0.0771003914893352 -0.0595935443130451
0.7 0.005 0.4 0.02 2 0.0304487049443859 0.0435930697989241 -0.0131443648545382
0.8 0.005 0.4 0.02 2 0.0439108783755173 0.0170733744282032 0.0268375039473142
0.9 0.005 0.4 0.02 2 0.0369785165405967 0.0020525748923969 0.0349259416481998


"rho0" "rho" "a" "b" "i" "CVA" "DVA" "BCVA"
"rho0" "rho" "a" "b" "i" "CVA" "DVA" "BCVA"
"rho0" "rho" "a" "b" "i" "CVA" "DVA" "BCVA"
"rho0" "rho" "a" "b" "i" "CVA" "DVA" "BCVA"
